CS110,CS111,CS301,CS302,CS311,CS361,class
97,77,79,89,75,92,B
82,83,99,77,100,73,B
78,82,81,95,78,95,B
79,98,76,76,78,85,B
77,85,100,96,97,82,B
90,77,85,100,86,71,B
81,75,75,72,86,99,B
99,98,82,98,92,73,A
75,94,92,88,73,95,B
92,98,78,86,78,81,B
100,82,85,72,75,88,B
86,93,71,100,93,74,B
92,83,90,78,90,75,B
85,72,74,79,87,99,B
91,83,91,96,76,77,B
83,70,82,73,90,99,B
74,93,99,95,97,80,B
72,92,79,81,86,91,B
98,74,94,91,71,91,B
76,95,85,76,73,100,B
96,95,93,80,99,79,A
75,95,79,77,86,87,B
70,74,77,94,96,94,B
91,98,87,79,99,83,B
91,87,98,94,88,96,A
80,95,74,71,84,90,B
74,79,85,76,71,75,C
91,76,85,84,88,72,B
83,83,79,94,92,99,B
89,96,90,93,94,76,B
83,97,70,75,77,84,B
86,92,75,100,90,95,B
77,75,97,70,71,85,C
99,88,100,80,98,70,B
85,99,86,96,94,82,A
96,84,96,95,95,81,A
98,97,81,96,78,79,B
77,76,94,92,81,88,B
78,71,75,80,80,99,B
98,85,77,98,79,80,B
88,86,88,93,74,90,B
96,80,79,100,78,82,B
87,93,77,93,71,70,B
89,93,77,81,95,83,B
89,87,76,91,75,70,B
71,81,91,95,84,96,B
83,82,75,91,81,86,B
93,76,99,79,100,86,B
92,78,81,100,71,84,B
79,87,72,84,100,95,B
87,100,89,98,75,95,A
77,74,82,94,71,84,B
76,84,85,73,88,76,B
92,86,79,96,83,82,B
88,77,72,92,85,86,B
72,100,80,87,90,82,B
100,94,76,71,90,90,B
83,86,100,85,82,81,B
71,79,94,83,73,93,B
82,92,84,93,96,88,B
79,80,80,79,83,85,B
90,99,71,91,81,71,B
99,88,100,91,96,80,A
81,70,96,95,84,87,B
96,93,100,88,86,95,A
74,78,72,87,74,87,C
86,100,87,80,70,92,B
83,94,89,87,85,71,B
71,90,94,93,84,100,B
97,88,83,91,93,83,B
81,85,96,90,72,86,B
86,74,89,87,94,87,B
84,78,90,96,97,96,A
88,93,91,95,87,81,B
78,76,75,82,73,96,B
79,90,79,87,88,73,B
95,87,94,89,87,93,A
97,97,79,80,72,82,B
79,86,95,72,71,81,B
98,84,85,98,72,85,B
90,98,98,87,74,81,B
82,79,72,84,71,80,C
70,70,93,77,93,95,B
71,96,92,87,72,84,B
75,81,97,100,77,96,B
98,86,77,94,88,88,B
72,98,72,74,100,71,B
79,87,80,83,73,80,B
89,92,86,91,72,79,B
73,93,82,85,88,91,B
98,94,89,95,73,84,B
79,98,97,74,86,91,B
71,93,79,74,82,71,C
88,85,100,82,92,98,A
95,86,75,78,89,82,B
100,71,86,75,76,88,B
84,100,99,84,96,86,A
74,88,71,75,74,97,C
95,83,96,95,81,90,A
96,82,91,100,73,94,B
