CS110,CS111,CS301,CS302,CS311,CS361,class
80,99,84,83,76,76,B
70,94,79,96,96,85,B
74,94,82,93,94,78,B
76,73,100,100,71,89,B
87,89,70,76,80,73,C
94,70,83,76,82,89,B
92,96,88,86,72,95,B
74,78,85,71,81,95,B
78,79,85,80,100,83,B
77,87,93,93,75,80,B
70,73,88,77,71,93,C
99,99,87,84,99,89,A
94,79,95,79,94,70,B
91,84,74,88,99,73,B
85,100,95,73,98,98,A
92,88,73,92,92,93,B
87,96,70,91,83,99,B
87,72,88,81,83,74,B
74,77,100,73,78,82,B
84,91,85,91,97,87,B
88,81,93,86,70,77,B
74,85,85,89,91,96,B
89,91,72,93,87,83,B
77,85,86,88,86,97,B
93,84,73,94,74,81,B
97,98,73,77,93,89,B
98,86,83,94,97,80,B
78,81,76,73,100,80,B
77,70,72,93,73,84,C
96,79,71,99,84,73,B
80,71,76,74,95,90,B
82,92,71,88,89,70,B
80,87,72,91,94,97,B
100,71,77,81,97,88,B
100,100,94,73,98,97,A
74,94,71,82,89,97,B
80,83,91,75,71,79,C
88,91,79,95,70,73,B
95,88,81,85,99,73,B
73,94,72,94,93,97,B
79,94,83,89,91,77,B
78,84,80,83,70,74,C
86,93,93,78,90,93,B
83,95,82,74,99,72,B
96,81,88,89,90,73,B
97,89,81,82,98,81,B
85,78,75,91,73,89,B
81,72,84,99,99,82,B
93,89,87,87,97,83,B
74,83,79,83,71,97,B
95,92,78,89,83,80,B
88,81,73,70,77,85,C
95,91,77,94,79,73,B
73,91,76,87,100,98,B
95,100,85,84,99,74,B
95,86,91,100,99,99,A
75,97,73,96,98,91,B
83,84,84,84,92,100,B
70,96,89,80,99,91,B
88,78,78,79,86,71,B
99,97,75,98,82,83,B
97,80,90,88,77,84,B
94,74,75,71,87,73,C
74,76,87,90,73,78,C
81,88,74,75,95,83,B
86,80,70,82,92,73,B
84,98,92,71,100,70,B
100,76,74,72,91,100,B
97,93,96,81,99,84,A
77,96,86,71,93,72,B
93,78,84,73,88,79,B
85,86,94,94,88,80,B
78,77,84,100,71,79,B
72,97,95,90,75,73,B
79,77,86,92,93,71,B
100,88,84,82,93,81,B
77,74,87,70,78,74,C
84,83,71,80,100,98,B
75,94,89,80,86,94,B
90,84,79,78,98,85,B
97,93,97,84,93,78,A
98,87,97,71,98,86,B
71,73,96,91,79,79,B
83,94,70,94,92,88,B
87,71,90,82,97,92,B
80,77,95,96,84,100,B
89,100,89,87,85,73,B
94,99,83,77,91,70,B
74,81,92,74,72,94,B
97,85,89,90,94,84,B
74,89,81,95,93,91,B
90,75,97,90,85,96,B
100,72,72,91,92,78,B
83,86,74,86,97,82,B
97,76,93,86,89,81,B
89,76,96,84,89,95,B
90,78,81,84,94,94,B
80,98,80,97,76,99,B
72,76,82,79,71,80,C
97,86,89,71,70,73,B
80,100,70,72,71,75,C
96,100,79,97,90,84,A
73,100,87,95,74,80,B
73,72,92,100,92,90,B
85,76,98,97,89,78,B
72,94,88,95,89,93,B
99,82,84,93,96,79,B
93,91,71,92,85,93,B
93,99,72,100,74,97,B
84,95,84,93,77,89,B
76,84,95,86,92,70,B
80,81,73,95,81,74,B
95,91,72,93,95,87,B
95,77,97,71,93,75,B
92,90,80,83,81,85,B
90,100,97,76,71,71,B
93,72,94,74,76,88,B
91,99,81,71,83,80,B
96,96,90,100,75,77,B
100,85,95,82,86,92,A
81,86,98,100,70,81,B
77,79,75,98,93,86,B
94,75,79,98,87,89,B
70,81,82,74,94,100,B
76,75,99,81,74,96,B
94,74,79,75,92,72,B
84,97,86,73,89,77,B
97,74,88,84,99,96,B
83,85,92,97,72,84,B
74,86,83,90,89,82,B
87,75,87,92,75,91,B
88,83,98,99,76,74,B
95,95,95,93,97,72,A
85,99,73,78,74,71,B
88,80,90,92,73,74,B
79,94,87,83,82,92,B
82,88,79,71,91,99,B
87,88,76,93,99,85,B
88,76,73,72,80,100,B
77,71,70,84,91,71,C
100,75,81,85,83,82,B
92,79,75,97,79,86,B
70,96,98,74,70,98,B
70,100,86,98,91,87,B
91,79,77,87,72,95,B
81,70,80,98,85,79,B
100,75,94,98,95,91,A
76,100,70,71,92,82,B
94,87,90,72,80,94,B
90,72,79,96,74,97,B
79,78,88,89,90,86,B
71,74,89,99,82,90,B
80,97,97,77,97,86,B
90,86,72,97,85,98,B
84,94,75,91,72,92,B
74,79,89,98,93,97,B
88,93,94,99,100,87,A
84,100,80,97,90,93,A
81,92,71,93,91,94,B
70,89,97,97,98,85,B
90,92,91,82,85,95,B
98,73,88,79,74,71,B
98,95,71,100,86,77,B
71,72,86,93,99,70,B
73,94,95,73,72,76,B
81,94,99,81,99,72,B
81,85,75,70,95,82,B
98,76,97,97,81,73,B
96,85,72,76,81,99,B
83,78,98,81,86,96,B
78,97,81,82,76,87,B
75,96,72,94,76,96,B
91,98,73,95,100,87,A
88,72,75,81,80,86,B
93,81,98,76,80,78,B
82,90,95,87,75,81,B
92,73,70,70,83,90,C
86,91,98,84,89,77,B
84,78,99,75,73,85,B
80,90,76,90,77,73,B
99,90,80,88,94,95,A
83,85,91,78,79,99,B
71,79,94,70,89,91,B
78,80,75,99,97,73,B
98,79,81,70,80,91,B
70,99,97,83,82,93,B
75,94,96,95,88,73,B
95,85,73,96,95,95,B
77,97,92,81,94,83,B
83,100,89,82,78,93,B
80,73,71,93,88,90,B
82,92,90,81,94,94,B
88,81,87,88,75,87,B
81,95,85,90,73,78,B
89,81,84,92,88,72,B
96,98,84,76,72,72,B
100,77,77,70,75,74,C
70,74,74,70,93,86,C
81,95,82,95,91,100,A
76,99,80,98,85,96,B
79,75,73,83,85,87,B
82,88,74,98,98,91,B
75,99,88,70,94,100,B
70,87,97,82,83,93,B
93,98,83,94,89,85,A
88,77,97,81,98,100,A
82,79,94,88,87,80,B
94,82,74,97,71,87,B
70,80,88,100,86,81,B
94,78,88,70,86,91,B
87,73,82,74,82,77,C
74,92,72,97,87,78,B
80,100,77,79,86,95,B
76,79,73,76,76,98,C
74,80,97,79,92,76,B
99,86,72,79,76,76,B
70,85,79,72,73,75,C
72,98,90,99,92,80,B
85,93,96,88,92,87,A
97,78,93,79,87,72,B
84,94,94,100,80,91,A
82,94,72,70,100,85,B
86,82,82,95,87,91,B
81,88,73,77,72,78,C
72,86,76,98,88,86,B
99,92,95,70,91,71,B
71,86,79,78,80,88,B
85,80,93,94,70,76,B
87,100,94,97,94,83,A
87,95,81,82,83,95,B
96,93,84,89,92,73,B
88,78,94,98,77,93,B
96,74,96,76,90,88,B
90,78,98,95,90,93,A
100,91,73,71,79,73,B
78,91,77,83,92,72,B
80,72,97,79,100,93,B
84,71,87,80,82,89,B
82,94,77,91,92,94,B
77,89,82,93,98,71,B
79,94,91,80,80,97,B
72,74,94,79,96,96,B
94,100,71,86,71,83,B
85,81,78,90,96,90,B
92,94,78,85,97,80,B
96,82,94,89,85,82,B
72,71,97,79,97,92,B
73,99,92,72,92,96,B
99,100,82,91,96,83,A
75,97,82,83,84,80,B
